30 0.55703125 0.25468750 0.33437500 0.50312500
28 0.82421875 0.45312500 0.19375000 0.09609375
11 0.32578125 0.84765625 0.16562500 0.12890625
6 0.16015625 0.79375000 0.09453125 0.09531250
4 0.78671875 0.63750000 0.14296875 0.17578125
44 0.55234375 0.55468750 0.28984375 0.13125000
27 0.29609375 0.32734375 0.14687500 0.12578125
43 0.19531250 0.43593750 0.18750000 0.11875000
33 0.25234375 0.55390625 0.10000000 0.11171875
35 0.38906250 0.67656250 0.17187500 0.11562500
46 0.61796875 0.69687500 0.07500000 0.05703125
0 0.65390625 0.84921875 0.25156250 0.11484375