37 0.32109375 0.18046875 0.18906250 0.26484375
51 0.39375000 0.39453125 0.12578125 0.18359375
31 0.63046875 0.65156250 0.27734375 0.36562500
26 0.41562500 0.92343750 0.08750000 0.11406250
40 0.46953125 0.26562500 0.04843750 0.06171875
40 0.86953125 0.58359375 0.06484375 0.06796875
29 0.65546875 0.44921875 0.07890625 0.12421875
10 0.56250000 0.36171875 0.06171875 0.09062500
10 0.60156250 0.13281250 0.05468750 0.08125000
50 0.72265625 0.18828125 0.12890625 0.22265625
26 0.33906250 0.56640625 0.08593750 0.07968750
29 0.47421875 0.63437500 0.05390625 0.08281250