30 0.64609375 0.19921875 0.34687500 0.37812500
6 0.42031250 0.16640625 0.07500000 0.09609375
33 0.29218750 0.77890625 0.09296875 0.09218750
49 0.21250000 0.86171875 0.07890625 0.14296875
51 0.32500000 0.18046875 0.08828125 0.10156250
46 0.42578125 0.28750000 0.05390625 0.07031250
24 0.31328125 0.33515625 0.06953125 0.14140625
12 0.42500000 0.39921875 0.10156250 0.21875000
28 0.54375000 0.56562500 0.21484375 0.17031250
4 0.24375000 0.51250000 0.21562500 0.19687500
11 0.41328125 0.78593750 0.08515625 0.24765625
43 0.56406250 0.85390625 0.17343750 0.20156250