45 0.56718750 0.16718750 0.18671875 0.12421875
45 0.38671875 0.14140625 0.18359375 0.09609375
16 0.65468750 0.29140625 0.18750000 0.09062500
20 0.68203125 0.19218750 0.18203125 0.10390625
20 0.53515625 0.55781250 0.23046875 0.14218750
50 0.51015625 0.35937500 0.04921875 0.09531250
50 0.19843750 0.56953125 0.09218750 0.12578125
34 0.38984375 0.41796875 0.07890625 0.03203125
34 0.07421875 0.47421875 0.07343750 0.03046875
34 0.10703125 0.66406250 0.09296875 0.04375000
34 0.28437500 0.77656250 0.07656250 0.07890625
34 0.57578125 0.72890625 0.10937500 0.04765625
37 0.72968750 0.42734375 0.34687500 0.21406250
16 0.21171875 0.43046875 0.15234375 0.11953125
30 0.32734375 0.31875000 0.17656250 0.11796875