0 0.44296875 0.66953125 0.07031250 0.26406250
4 0.25156250 0.32343750 0.09296875 0.19140625
33 0.65156250 0.40390625 0.02031250 0.08906250
12 0.74140625 0.53593750 0.07968750 0.18593750
35 0.30781250 0.53437500 0.05703125 0.12578125
43 0.33750000 0.09453125 0.08437500 0.09921875
30 0.48671875 0.29453125 0.23984375 0.29296875
44 0.69296875 0.19531250 0.18671875 0.16015625
28 0.75000000 0.36875000 0.08515625 0.17578125
38 0.55937500 0.56093750 0.04140625 0.12109375
48 0.66640625 0.72421875 0.17656250 0.03593750
35 0.71093750 0.85625000 0.07656250 0.04921875