37 0.31406250 0.30078125 0.19140625 0.21718750
40 0.50781250 0.25859375 0.05703125 0.06953125
29 0.63125000 0.49765625 0.08203125 0.10390625
31 0.54453125 0.67421875 0.21484375 0.37734375
40 0.80312500 0.72421875 0.07343750 0.05859375
51 0.74765625 0.51093750 0.12578125 0.16171875
10 0.57031250 0.37734375 0.05546875 0.07421875
10 0.67421875 0.17890625 0.04687500 0.07109375
50 0.76093750 0.27968750 0.11484375 0.21250000
26 0.31250000 0.47890625 0.07812500 0.06015625
26 0.32421875 0.76875000 0.08281250 0.07734375
29 0.40156250 0.59140625 0.04687500 0.08125000