34 0.44375000 0.32265625 0.03750000 0.06093750
34 0.65937500 0.56250000 0.07109375 0.05781250
45 0.68046875 0.23671875 0.15390625 0.18750000
16 0.52968750 0.16953125 0.10937500 0.11953125
16 0.40546875 0.22968750 0.14453125 0.13125000
34 0.81250000 0.29140625 0.05078125 0.05156250
34 0.54531250 0.80703125 0.07031250 0.10703125
16 0.52109375 0.93906250 0.08437500 0.10781250
20 0.31171875 0.47578125 0.16953125 0.17578125
20 0.57031250 0.32187500 0.13750000 0.18281250
50 0.49921875 0.44765625 0.16953125 0.09062500
50 0.78828125 0.41640625 0.16875000 0.08906250
50 0.50625000 0.62578125 0.20000000 0.10937500