50 0.37109375 0.28515625 0.14062500 0.19531250
40 0.49687500 0.12890625 0.04843750 0.06640625
51 0.56484375 0.62265625 0.11093750 0.15234375
37 0.40937500 0.64609375 0.18515625 0.21640625
40 0.78671875 0.88671875 0.05390625 0.06250000
26 0.85156250 0.61484375 0.07031250 0.08750000
26 0.67968750 0.50546875 0.04218750 0.08515625
29 0.56328125 0.34140625 0.09296875 0.07890625
22 0.57343750 0.47968750 0.03906250 0.06562500
10 0.51796875 0.48281250 0.05468750 0.07968750
10 0.37968750 0.44296875 0.05390625 0.06640625
31 0.68593750 0.29296875 0.22968750 0.30625000