45 0.62578125 0.26796875 0.21562500 0.09296875
45 0.23125000 0.35312500 0.14531250 0.16484375
24 0.36406250 0.63984375 0.12109375 0.13125000
34 0.50234375 0.46484375 0.07656250 0.03203125
34 0.20625000 0.54218750 0.07734375 0.03437500
34 0.31093750 0.74140625 0.08984375 0.04296875
34 0.50937500 0.83750000 0.08203125 0.07031250
16 0.33671875 0.48828125 0.16328125 0.12968750
16 0.68281250 0.52500000 0.18906250 0.13750000
50 0.45625000 0.26718750 0.12421875 0.08281250
50 0.60937500 0.39453125 0.02890625 0.11171875