30 0.54765625 0.35703125 0.31171875 0.37187500
35 0.38515625 0.24218750 0.07421875 0.13515625
49 0.30000000 0.29375000 0.14453125 0.03671875
43 0.18671875 0.29453125 0.09921875 0.15546875
38 0.31015625 0.40078125 0.08906250 0.03671875
6 0.25156250 0.48125000 0.07265625 0.07031250
12 0.25937500 0.67265625 0.04843750 0.21250000
28 0.41250000 0.70468750 0.16171875 0.18125000
33 0.41875000 0.56250000 0.06718750 0.04687500
44 0.62500000 0.68125000 0.20390625 0.27656250
4 0.80078125 0.71640625 0.15781250 0.22656250