28 0.33593750 0.16953125 0.18671875 0.14843750
27 0.73828125 0.25078125 0.13750000 0.11171875
12 0.34062500 0.63281250 0.17343750 0.09765625
4 0.18593750 0.56875000 0.15312500 0.17187500
51 0.71718750 0.60312500 0.13515625 0.05937500
44 0.87421875 0.66406250 0.19609375 0.21640625
49 0.68359375 0.72656250 0.07421875 0.09453125
41 0.39921875 0.82265625 0.42265625 0.29140625
11 0.07578125 0.38828125 0.14843750 0.14375000
43 0.30390625 0.33984375 0.15156250 0.13359375
38 0.46328125 0.35156250 0.09062500 0.12656250
0 0.59218750 0.30234375 0.23593750 0.16484375
6 0.78359375 0.38828125 0.10546875 0.07187500
35 0.93125000 0.43046875 0.11406250 0.13750000
46 0.30234375 0.45156250 0.08750000 0.05156250
33 0.44921875 0.54531250 0.11328125 0.04843750