12 0.45703125 0.81406250 0.17421875 0.11640625
28 0.59531250 0.82656250 0.16093750 0.13437500
33 0.55703125 0.68046875 0.06718750 0.03203125
26 0.78750000 0.20390625 0.09062500 0.12265625
44 0.76875000 0.72734375 0.14062500 0.28984375
30 0.63828125 0.45000000 0.25156250 0.30859375
38 0.41718750 0.56093750 0.07968750 0.06328125
35 0.40781250 0.24062500 0.09843750 0.08906250
4 0.56796875 0.13437500 0.14687500 0.10937500
0 0.18671875 0.37812500 0.10937500 0.16015625
49 0.28906250 0.71328125 0.03281250 0.23750000
6 0.19218750 0.77500000 0.03593750 0.11406250