50 0.42343750 0.31875000 0.09218750 0.14453125
16 0.62187500 0.25390625 0.12578125 0.11250000
45 0.53125000 0.10234375 0.11875000 0.15859375
37 0.72578125 0.41093750 0.24296875 0.24218750
7 0.54140625 0.35234375 0.05156250 0.13125000
34 0.47656250 0.44296875 0.06093750 0.04296875
50 0.39375000 0.66015625 0.12968750 0.17265625
16 0.35546875 0.47968750 0.13281250 0.16562500
34 0.26015625 0.56484375 0.07265625 0.06640625
34 0.35234375 0.79687500 0.09921875 0.09375000
34 0.71250000 0.79218750 0.09921875 0.10546875
34 0.53046875 0.90000000 0.09609375 0.10390625
20 0.62421875 0.59609375 0.18281250 0.17734375
13 0.62734375 0.13515625 0.10937500 0.14296875
4 0.37890625 0.08750000 0.13281250 0.13984375