51 0.48671875 0.32187500 0.12968750 0.17031250
40 0.13515625 0.33515625 0.05859375 0.10468750
31 0.53906250 0.70390625 0.16171875 0.40390625
26 0.25703125 0.73828125 0.10234375 0.06875000
40 0.85625000 0.68906250 0.07031250 0.09218750
10 0.76015625 0.29062500 0.07187500 0.09062500
37 0.58125000 0.08906250 0.18359375 0.17734375
50 0.86093750 0.41015625 0.15546875 0.20000000
10 0.63671875 0.41562500 0.05937500 0.07500000
31 0.35546875 0.41015625 0.08593750 0.07421875
29 0.41875000 0.56562500 0.04765625 0.08125000
29 0.67109375 0.57031250 0.11093750 0.08750000