0 0.39765625 0.09609375 0.17421875 0.11093750
28 0.54609375 0.14453125 0.10625000 0.15312500
33 0.39843750 0.69687500 0.09687500 0.07500000
49 0.39765625 0.83984375 0.11640625 0.10156250
11 0.74843750 0.86484375 0.17578125 0.09218750
30 0.72968750 0.32031250 0.17265625 0.19921875
30 0.33984375 0.33203125 0.33359375 0.32578125
44 0.53515625 0.48437500 0.17187500 0.27109375
46 0.67343750 0.49218750 0.06875000 0.07578125
6 0.84375000 0.58281250 0.08906250 0.09296875
35 0.58593750 0.68671875 0.12109375 0.15078125
27 0.16562500 0.52578125 0.13203125 0.11562500
43 0.26328125 0.60546875 0.14921875 0.16953125