37 0.52734375 0.12265625 0.18203125 0.21562500
34 0.47968750 0.34687500 0.12812500 0.17500000
26 0.25468750 0.75625000 0.08984375 0.07109375
31 0.53828125 0.73437500 0.15156250 0.42187500
40 0.61484375 0.30781250 0.05312500 0.08515625
40 0.77812500 0.91953125 0.07500000 0.07343750
29 0.66953125 0.60625000 0.10000000 0.08437500
29 0.40937500 0.60156250 0.05703125 0.08203125
10 0.63125000 0.45156250 0.05859375 0.07812500
10 0.80625000 0.29062500 0.06953125 0.09062500
50 0.85859375 0.44375000 0.14921875 0.18906250
26 0.35859375 0.44531250 0.08984375 0.06484375