0 0.83906250 0.52578125 0.08671875 0.17656250
44 0.72265625 0.28671875 0.41093750 0.30156250
49 0.60703125 0.80234375 0.12109375 0.11640625
12 0.83593750 0.73828125 0.17265625 0.08125000
33 0.59609375 0.51406250 0.04218750 0.07031250
6 0.26875000 0.45390625 0.05078125 0.06093750
44 0.39843750 0.33281250 0.28437500 0.14453125
4 0.42578125 0.56015625 0.18593750 0.14687500
28 0.63281250 0.66796875 0.15859375 0.12890625
38 0.57343750 0.43437500 0.12421875 0.02734375
43 0.13281250 0.41250000 0.12109375 0.10468750
35 0.15781250 0.62734375 0.13984375 0.05703125
27 0.38671875 0.73281250 0.10703125 0.09765625
46 0.46171875 0.76250000 0.04062500 0.03125000