45 0.64375000 0.38515625 0.08281250 0.14453125
45 0.64531250 0.55468750 0.11171875 0.14218750
50 0.38437500 0.37578125 0.05625000 0.07968750
34 0.45625000 0.77500000 0.04375000 0.04375000
34 0.48125000 0.71875000 0.02500000 0.05781250
34 0.48828125 0.39609375 0.02109375 0.04687500
34 0.72109375 0.44218750 0.02734375 0.04296875
37 0.53359375 0.28828125 0.10000000 0.11875000
16 0.30781250 0.54609375 0.09531250 0.09453125
16 0.29296875 0.62421875 0.09140625 0.10312500
20 0.43750000 0.51093750 0.09296875 0.10781250