30 0.67812500 0.26015625 0.48203125 0.51875000
0 0.53906250 0.39843750 0.18671875 0.21875000
27 0.21328125 0.53671875 0.10937500 0.11562500
6 0.17968750 0.34375000 0.05625000 0.11796875
33 0.36015625 0.41484375 0.04843750 0.10234375
38 0.39062500 0.31328125 0.10546875 0.07031250
4 0.38984375 0.20468750 0.16875000 0.12578125
44 0.28125000 0.18671875 0.11484375 0.27109375
43 0.66093750 0.61171875 0.12265625 0.19687500
12 0.78046875 0.87421875 0.16718750 0.24843750
51 0.60937500 0.89531250 0.08437500 0.15156250
11 0.40937500 0.85000000 0.13437500 0.15859375
46 0.27265625 0.76406250 0.07656250 0.11953125
28 0.46953125 0.59921875 0.12109375 0.25078125
49 0.54062500 0.77890625 0.16718750 0.10312500
35 0.34218750 0.52890625 0.10000000 0.12265625