28 0.69140625 0.47031250 0.14453125 0.07500000
4 0.40078125 0.64140625 0.08671875 0.20859375
46 0.83750000 0.67187500 0.03750000 0.05390625
35 0.66171875 0.63828125 0.08515625 0.12343750
33 0.57734375 0.64062500 0.06171875 0.05859375
38 0.49531250 0.61015625 0.02656250 0.12343750
27 0.69921875 0.80937500 0.06328125 0.13828125
6 0.55156250 0.92031250 0.06796875 0.06796875
44 0.39375000 0.82109375 0.22421875 0.19140625
43 0.65859375 0.25937500 0.09140625 0.10781250
30 0.43281250 0.18046875 0.27656250 0.33750000
0 0.53671875 0.41015625 0.10312500 0.19843750
12 0.80000000 0.13750000 0.10312500 0.10937500
11 0.85078125 0.50390625 0.03593750 0.12890625
51 0.83281250 0.29140625 0.05000000 0.07187500
49 0.78046875 0.37734375 0.03671875 0.16796875