16 0.55468750 0.31250000 0.09062500 0.07109375
16 0.63203125 0.37578125 0.09687500 0.07031250
45 0.48671875 0.61406250 0.11015625 0.08828125
20 0.49218750 0.40781250 0.13515625 0.07109375
37 0.47578125 0.49531250 0.14531250 0.10156250
34 0.37500000 0.35234375 0.02500000 0.03515625
34 0.38984375 0.38671875 0.04453125 0.02421875
34 0.59296875 0.50859375 0.04062500 0.03125000
50 0.67109375 0.44765625 0.09609375 0.03046875
34 0.41640625 0.65312500 0.02578125 0.02421875
45 0.35546875 0.59296875 0.12890625 0.08437500