45 0.41171875 0.72968750 0.15078125 0.24296875
45 0.62343750 0.72109375 0.18515625 0.20546875
50 0.72109375 0.29375000 0.09531250 0.05000000
34 0.55000000 0.87500000 0.04531250 0.08046875
34 0.67968750 0.42968750 0.04296875 0.03593750
34 0.36406250 0.30000000 0.04531250 0.03515625
34 0.33203125 0.26250000 0.02343750 0.04531250
37 0.51718750 0.43437500 0.19140625 0.25000000
16 0.63046875 0.18906250 0.10781250 0.10468750
16 0.50390625 0.13984375 0.07734375 0.06875000
20 0.49453125 0.28046875 0.11562500 0.10000000