50 0.37812500 0.38203125 0.11328125 0.11250000
10 0.29687500 0.46406250 0.06484375 0.06562500
26 0.52734375 0.83437500 0.04609375 0.09921875
37 0.40625000 0.85781250 0.15859375 0.20937500
40 0.63359375 0.32109375 0.04453125 0.06562500
40 0.36250000 0.64218750 0.03828125 0.05000000
10 0.44687500 0.57187500 0.05000000 0.05312500
29 0.51171875 0.49296875 0.07734375 0.09218750
51 0.51562500 0.37421875 0.09062500 0.12500000
31 0.62187500 0.57890625 0.21406250 0.23203125
29 0.59375000 0.72890625 0.03750000 0.06250000
26 0.69609375 0.78437500 0.05156250 0.09687500