44 0.84062500 0.44843750 0.12656250 0.31406250
0 0.63437500 0.11484375 0.15781250 0.11640625
6 0.14140625 0.33125000 0.07031250 0.09531250
33 0.22890625 0.24687500 0.05703125 0.08906250
38 0.19921875 0.14140625 0.10234375 0.07187500
11 0.32500000 0.14765625 0.06171875 0.11640625
51 0.49843750 0.21093750 0.08203125 0.07890625
46 0.36953125 0.05156250 0.04531250 0.06328125
4 0.47421875 0.11015625 0.12656250 0.16015625
30 0.60859375 0.59062500 0.36093750 0.47109375
28 0.75937500 0.91503906 0.25703125 0.16679688
49 0.31718750 0.83281250 0.24765625 0.26406250
35 0.31093750 0.53203125 0.12421875 0.12968750
27 0.30546875 0.32265625 0.07031250 0.13281250
43 0.43984375 0.33125000 0.12109375 0.12656250
12 0.23671875 0.43828125 0.18359375 0.10390625