30 0.40781250 0.30859375 0.62421875 0.35312500
0 0.54765625 0.48593750 0.20625000 0.11953125
33 0.47968750 0.64609375 0.09218750 0.04921875
38 0.40312500 0.59140625 0.07656250 0.08828125
4 0.28828125 0.57656250 0.12812500 0.16796875
44 0.20234375 0.67500000 0.32421875 0.11562500
51 0.89062500 0.53671875 0.06250000 0.07734375
28 0.66484375 0.58593750 0.19843750 0.12421875
49 0.81406250 0.56640625 0.08750000 0.12421875
12 0.92421875 0.43593750 0.14843750 0.08125000
43 0.73437500 0.44531250 0.12890625 0.08984375
11 0.81093750 0.67734375 0.09687500 0.08906250
46 0.72734375 0.76953125 0.05390625 0.04765625
27 0.53593750 0.79453125 0.11093750 0.09375000
6 0.33671875 0.80234375 0.09765625 0.05390625