44 0.56640625 0.23437500 0.25781250 0.12265625
35 0.27734375 0.25859375 0.16328125 0.06015625
43 0.39062500 0.73125000 0.14765625 0.09765625
28 0.17890625 0.77265625 0.16484375 0.16171875
46 0.53281250 0.86015625 0.14453125 0.06875000
51 0.56484375 0.35937500 0.07109375 0.07421875
49 0.70781250 0.34687500 0.17343750 0.04609375
30 0.71562500 0.47109375 0.56562500 0.23828125
6 0.28984375 0.37968750 0.09296875 0.07578125
27 0.11718750 0.45625000 0.17890625 0.08437500
0 0.25156250 0.54765625 0.13906250 0.18906250
38 0.34921875 0.61953125 0.11640625 0.07812500
33 0.57890625 0.54218750 0.05312500 0.07578125
12 0.71562500 0.58750000 0.15546875 0.10312500
4 0.69921875 0.70781250 0.19062500 0.12812500
46 0.52890625 0.68125000 0.06406250 0.05000000