30 0.21796875 0.46328125 0.43515625 0.36015625
0 0.14140625 0.23046875 0.18671875 0.15390625
33 0.57812500 0.63281250 0.08125000 0.08750000
43 0.43359375 0.71484375 0.12031250 0.19062500
27 0.29296875 0.77656250 0.08437500 0.20703125
28 0.30156250 0.16875000 0.10859375 0.18046875
4 0.53906250 0.14609375 0.19062500 0.15156250
6 0.74609375 0.24062500 0.07343750 0.09375000
46 0.61015625 0.29062500 0.05156250 0.07578125
44 0.51484375 0.38671875 0.25156250 0.20000000
35 0.68515625 0.47656250 0.07890625 0.16953125
11 0.85156250 0.45000000 0.07421875 0.15859375
49 0.67109375 0.72812500 0.18515625 0.11875000