30 0.70156250 0.27265625 0.36875000 0.29140625
0 0.67890625 0.54921875 0.10156250 0.06328125
33 0.51171875 0.52265625 0.03593750 0.06093750
38 0.50390625 0.44843750 0.09062500 0.02421875
12 0.65937500 0.71250000 0.07500000 0.06953125
43 0.78828125 0.65234375 0.10937500 0.08750000
44 0.37109375 0.33125000 0.18828125 0.17968750
4 0.37421875 0.50312500 0.11718750 0.14453125
6 0.21250000 0.45468750 0.05390625 0.05781250
49 0.26718750 0.59921875 0.03750000 0.13671875
27 0.16171875 0.62265625 0.05781250 0.09296875
35 0.42421875 0.63046875 0.12031250 0.05390625
46 0.36640625 0.74296875 0.03984375 0.03203125
28 0.58203125 0.64296875 0.07812500 0.13359375