30 0.56875000 0.17343750 0.21093750 0.34609375
28 0.79609375 0.24062500 0.08359375 0.18984375
38 0.65468750 0.43437500 0.07968750 0.12578125
33 0.71718750 0.28593750 0.04765625 0.09062500
12 0.80703125 0.38437500 0.07890625 0.18359375
49 0.75546875 0.55312500 0.14296875 0.08437500
6 0.80000000 0.65390625 0.07812500 0.07656250
0 0.57187500 0.53828125 0.10468750 0.23750000
35 0.43515625 0.44062500 0.09218750 0.13046875
43 0.36171875 0.21328125 0.12187500 0.12421875
4 0.35781250 0.65234375 0.17734375 0.14375000
44 0.43046875 0.89140625 0.24375000 0.21406250