30 0.40312500 0.41953125 0.32109375 0.25390625
51 0.58984375 0.26250000 0.12421875 0.09609375
43 0.19843750 0.57343750 0.13515625 0.09531250
33 0.28593750 0.68359375 0.09296875 0.08281250
49 0.22031250 0.73437500 0.07187500 0.07578125
11 0.46171875 0.87656250 0.16171875 0.09062500
12 0.13281250 0.34453125 0.19531250 0.15625000
28 0.71562500 0.41250000 0.19531250 0.09375000
38 0.87968750 0.61093750 0.06406250 0.08750000
4 0.73828125 0.62343750 0.12656250 0.15625000
46 0.60937500 0.68671875 0.08125000 0.04921875
6 0.67187500 0.80312500 0.09218750 0.05234375
35 0.42812500 0.75703125 0.14843750 0.06484375
27 0.15078125 0.48046875 0.15546875 0.06484375