43 0.71250000 0.74687500 0.10234375 0.09765625
0 0.73281250 0.59843750 0.17968750 0.07578125
35 0.40625000 0.58125000 0.13046875 0.08828125
46 0.25078125 0.67968750 0.05781250 0.04218750
11 0.59218750 0.76640625 0.12031250 0.08515625
28 0.54062500 0.66250000 0.14218750 0.13828125
44 0.56953125 0.26796875 0.25781250 0.12968750
30 0.86171875 0.36562500 0.22578125 0.24140625
33 0.56250000 0.51093750 0.07343750 0.05312500
38 0.60468750 0.43671875 0.07343750 0.05781250
4 0.46484375 0.43515625 0.13359375 0.16250000
49 0.27343750 0.48359375 0.13359375 0.14218750
27 0.13125000 0.45078125 0.11562500 0.11484375
6 0.33515625 0.30703125 0.09375000 0.04921875