50 0.43828125 0.14609375 0.07109375 0.22031250
34 0.57500000 0.31562500 0.06250000 0.09765625
20 0.36796875 0.46953125 0.15781250 0.24921875
34 0.26640625 0.80546875 0.05703125 0.11093750
34 0.19687500 0.84843750 0.08828125 0.06171875
34 0.91718750 0.73515625 0.05859375 0.08359375
45 0.84609375 0.53046875 0.13281250 0.30546875
37 0.76796875 0.20234375 0.23593750 0.33281250
16 0.15546875 0.31328125 0.20546875 0.20312500
16 0.09375000 0.42421875 0.12968750 0.20937500
45 0.64921875 0.82343750 0.15000000 0.32890625