38 0.49062500 0.80859375 0.08359375 0.04531250
49 0.78359375 0.88359375 0.11953125 0.09140625
28 0.63906250 0.56953125 0.07031250 0.17968750
11 0.75234375 0.70000000 0.10390625 0.03046875
43 0.78515625 0.56562500 0.07812500 0.11953125
0 0.48437500 0.15390625 0.10859375 0.20781250
33 0.73750000 0.80468750 0.03593750 0.07578125
44 0.23750000 0.75156250 0.12421875 0.25703125
2 0.19921875 0.20859375 0.10000000 0.07812500
27 0.18906250 0.52734375 0.09843750 0.06328125
30 0.38593750 0.44453125 0.27500000 0.33671875
6 0.36640625 0.70312500 0.05000000 0.06328125
51 0.37812500 0.80546875 0.05468750 0.07734375
46 0.46484375 0.69140625 0.03046875 0.04140625
12 0.53281250 0.69453125 0.11718750 0.08828125