0 0.91093750 0.53515625 0.15703125 0.15312500
30 0.66640625 0.41250000 0.39218750 0.29296875
11 0.02500000 0.56406250 0.05000000 0.10859375
49 0.17109375 0.33281250 0.15937500 0.09062500
33 0.27734375 0.37109375 0.06171875 0.05234375
27 0.52343750 0.22578125 0.07343750 0.10625000
43 0.40312500 0.28203125 0.11953125 0.09453125
28 0.75781250 0.65546875 0.14140625 0.12890625
31 0.45390625 0.73125000 0.20937500 0.10234375
46 0.32734375 0.63203125 0.03828125 0.03984375
6 0.17656250 0.72500000 0.04531250 0.06640625
35 0.20468750 0.50390625 0.07031250 0.09843750
44 0.41250000 0.52656250 0.26953125 0.07578125