50 0.23125000 0.14531250 0.15390625 0.20625000
31 0.59140625 0.14687500 0.27734375 0.27343750
17 0.95605469 0.75703125 0.08476562 0.11796875
40 0.75312500 0.89843750 0.09843750 0.11250000
29 0.43828125 0.18515625 0.08984375 0.07578125
29 0.44218750 0.30625000 0.07343750 0.10234375
10 0.37031250 0.32812500 0.07421875 0.08750000
50 0.20234375 0.28515625 0.05390625 0.08671875
37 0.18203125 0.53671875 0.25625000 0.29531250
51 0.41640625 0.48828125 0.14531250 0.19062500
26 0.57343750 0.35468750 0.05546875 0.11250000
26 0.82031250 0.47968750 0.10000000 0.11953125