37 0.24218750 0.31640625 0.16875000 0.18281250
10 0.35546875 0.18281250 0.05000000 0.05859375
40 0.26562500 0.85156250 0.07421875 0.04531250
40 0.40078125 0.95468750 0.06562500 0.08671875
10 0.39218750 0.31718750 0.05078125 0.05781250
29 0.41953125 0.35156250 0.05546875 0.07812500
29 0.50546875 0.27343750 0.05468750 0.10781250
50 0.43671875 0.09687500 0.10859375 0.17109375
31 0.59531250 0.35312500 0.13515625 0.31953125
51 0.33203125 0.44296875 0.09609375 0.12421875
26 0.46250000 0.48203125 0.06484375 0.08515625
26 0.48828125 0.74140625 0.05546875 0.10390625