45 0.31015625 0.54296875 0.14765625 0.11640625
34 0.63515625 0.60781250 0.03750000 0.04609375
50 0.46250000 0.53593750 0.05468750 0.09296875
50 0.60312500 0.52812500 0.10625000 0.04218750
50 0.58593750 0.44453125 0.08359375 0.04843750
34 0.71328125 0.58281250 0.03437500 0.04609375
34 0.68828125 0.49921875 0.04140625 0.02734375
34 0.54062500 0.37890625 0.02421875 0.03750000
34 0.77109375 0.35859375 0.02968750 0.02578125
37 0.62578125 0.26406250 0.11640625 0.12812500
16 0.51093750 0.32578125 0.08593750 0.07109375
20 0.63515625 0.35390625 0.08203125 0.09843750
20 0.35000000 0.39140625 0.07031250 0.12343750