34 0.21328125 0.65156250 0.05468750 0.04531250
34 0.38046875 0.75781250 0.05625000 0.07109375
16 0.14765625 0.45703125 0.13359375 0.14687500
34 0.54531250 0.77734375 0.05468750 0.06406250
34 0.34296875 0.33203125 0.04531250 0.03046875
34 0.60156250 0.32421875 0.04687500 0.03828125
50 0.36171875 0.46953125 0.10078125 0.08437500
50 0.53828125 0.54843750 0.09453125 0.11328125
50 0.73906250 0.25234375 0.10546875 0.08203125
45 0.48437500 0.36093750 0.13750000 0.17656250
37 0.76718750 0.52812500 0.20312500 0.26640625