30 0.39531250 0.28437500 0.36015625 0.53281250
51 0.59218750 0.22500000 0.10859375 0.10156250
11 0.51093750 0.92031250 0.18125000 0.09921875
49 0.22500000 0.77812500 0.12890625 0.14843750
33 0.29453125 0.69375000 0.09375000 0.09765625
43 0.19218750 0.58515625 0.16250000 0.13046875
27 0.12656250 0.46875000 0.17968750 0.11718750
12 0.10312500 0.32656250 0.17968750 0.15703125
28 0.74218750 0.38046875 0.19375000 0.13203125
0 0.84687500 0.45625000 0.22812500 0.11328125
4 0.79453125 0.61328125 0.15625000 0.19140625
38 0.93281250 0.59843750 0.06718750 0.10781250
6 0.74062500 0.81015625 0.11875000 0.10390625
46 0.65000000 0.69062500 0.10156250 0.07656250
44 0.52812500 0.61406250 0.16328125 0.23281250
35 0.45000000 0.78046875 0.18359375 0.10390625