34 0.50859375 0.14765625 0.05390625 0.04687500
34 0.60078125 0.17578125 0.03671875 0.06875000
20 0.36250000 0.47578125 0.10390625 0.21640625
45 0.88515625 0.47812500 0.18984375 0.24062500
20 0.75703125 0.71484375 0.14609375 0.17890625
34 0.44531250 0.25312500 0.04296875 0.06015625
34 0.13750000 0.38281250 0.03828125 0.06484375
34 0.46171875 0.59687500 0.04296875 0.07343750
50 0.56953125 0.28593750 0.10390625 0.12890625
50 0.50390625 0.40859375 0.11875000 0.09765625
50 0.71171875 0.38750000 0.07812500 0.17265625
37 0.18593750 0.69062500 0.25000000 0.32421875
16 0.43906250 0.73593750 0.13828125 0.18906250