37 0.13984375 0.52734375 0.24531250 0.30937500
34 0.18203125 0.19609375 0.04062500 0.06796875
50 0.61640625 0.31250000 0.05312500 0.15781250
50 0.50000000 0.40312500 0.11406250 0.12812500
50 0.72656250 0.49921875 0.08515625 0.14609375
20 0.34140625 0.38750000 0.09296875 0.18593750
20 0.64765625 0.84453125 0.13125000 0.13437500
45 0.85546875 0.69062500 0.15234375 0.24531250
16 0.34687500 0.68437500 0.12656250 0.16484375
34 0.41406250 0.56796875 0.04531250 0.05937500
34 0.50937500 0.22343750 0.03359375 0.06328125
34 0.60859375 0.14218750 0.05000000 0.04296875
34 0.68593750 0.22421875 0.04218750 0.06250000