50 0.29843750 0.21875000 0.10625000 0.24921875
51 0.27421875 0.68359375 0.12968750 0.17578125
37 0.52812500 0.15390625 0.18359375 0.24921875
31 0.68125000 0.83515625 0.27421875 0.25078125
26 0.42500000 0.34375000 0.07265625 0.08750000
26 0.73437500 0.26406250 0.05781250 0.09765625
29 0.41718750 0.50468750 0.08984375 0.07812500
29 0.54375000 0.63984375 0.09765625 0.08750000
10 0.55234375 0.43203125 0.06250000 0.08984375
10 0.65312500 0.47734375 0.05625000 0.07343750
40 0.59531250 0.57812500 0.06015625 0.04531250
40 0.68281250 0.60234375 0.06640625 0.06171875