45 0.62890625 0.18437500 0.20078125 0.13515625
45 0.80781250 0.59531250 0.16171875 0.27656250
16 0.44765625 0.67500000 0.18125000 0.25859375
50 0.78437500 0.38515625 0.16640625 0.17734375
50 0.62578125 0.57734375 0.18046875 0.06640625
50 0.33203125 0.38125000 0.13515625 0.14296875
34 0.42343750 0.22890625 0.05000000 0.07031250
34 0.23671875 0.35234375 0.04921875 0.07656250
34 0.14531250 0.52421875 0.06484375 0.08437500
34 0.51718750 0.47421875 0.04375000 0.09296875
16 0.48125000 0.32812500 0.13984375 0.14453125