40 0.43750000 0.20703125 0.05859375 0.05859375
40 0.43046875 0.66250000 0.05781250 0.06875000
26 0.06796875 0.64453125 0.08437500 0.06875000
51 0.58671875 0.45078125 0.11250000 0.17265625
29 0.59375000 0.69375000 0.08671875 0.14687500
37 0.27109375 0.39140625 0.17656250 0.19375000
40 0.43593750 0.20468750 0.05859375 0.07187500
50 0.44218750 0.30078125 0.12734375 0.14296875
10 0.66328125 0.32500000 0.05546875 0.08984375
26 0.73984375 0.31250000 0.06875000 0.09765625
29 0.18203125 0.52656250 0.06953125 0.04687500
10 0.13984375 0.60078125 0.06875000 0.07500000