45 0.49609375 0.25390625 0.13203125 0.18203125
45 0.30312500 0.30625000 0.14609375 0.17578125
16 0.72031250 0.74062500 0.09687500 0.15312500
34 0.33828125 0.18828125 0.04687500 0.04062500
34 0.70703125 0.42812500 0.04375000 0.03906250
34 0.76796875 0.44531250 0.05000000 0.05390625
34 0.36953125 0.54843750 0.05234375 0.03593750
37 0.21484375 0.51718750 0.19609375 0.23437500
20 0.53828125 0.57421875 0.11250000 0.16953125
50 0.38281250 0.74375000 0.10937500 0.15625000
16 0.63515625 0.76562500 0.13203125 0.15156250