51 0.08984375 0.52109375 0.12109375 0.15000000
40 0.54453125 0.25546875 0.05000000 0.06171875
10 0.70234375 0.63828125 0.04687500 0.06484375
10 0.43281250 0.46171875 0.04921875 0.07656250
40 0.57421875 0.79375000 0.04765625 0.05703125
37 0.25156250 0.44765625 0.20078125 0.27343750
50 0.39531250 0.61562500 0.10390625 0.14296875
31 0.55234375 0.64687500 0.25000000 0.34375000
29 0.35625000 0.34453125 0.03671875 0.06015625
29 0.71406250 0.48984375 0.05234375 0.12031250
26 0.67968750 0.74218750 0.04531250 0.09453125
26 0.90234375 0.33828125 0.06015625 0.08750000