10 0.59921875 0.48437500 0.05312500 0.05390625
10 0.71015625 0.57734375 0.05781250 0.04140625
40 0.58359375 0.60625000 0.07343750 0.04609375
40 0.66328125 0.67031250 0.05625000 0.04296875
26 0.92265625 0.49531250 0.05937500 0.07031250
26 0.53984375 0.35234375 0.06406250 0.06796875
51 0.15078125 0.47500000 0.14765625 0.11015625
31 0.52109375 0.81015625 0.37031250 0.17109375
50 0.48125000 0.17890625 0.20703125 0.18593750
37 0.76953125 0.29687500 0.25937500 0.21171875
29 0.43750000 0.44453125 0.11093750 0.06093750
29 0.49609375 0.61328125 0.06718750 0.08593750