16 0.34453125 0.74765625 0.22343750 0.24921875
16 0.17578125 0.58750000 0.22031250 0.26093750
20 0.74609375 0.62890625 0.22109375 0.18984375
34 0.46640625 0.62109375 0.06718750 0.06484375
34 0.62734375 0.30937500 0.03828125 0.05468750
34 0.83906250 0.33125000 0.04765625 0.05546875
50 0.75781250 0.40000000 0.07265625 0.15000000
50 0.60546875 0.46875000 0.14531250 0.13359375
50 0.44765625 0.24218750 0.04687500 0.11640625
45 0.26953125 0.35546875 0.17890625 0.24531250
20 0.43593750 0.44765625 0.15312500 0.17031250