34 0.12812500 0.29375000 0.06953125 0.06015625
34 0.24843750 0.21015625 0.03281250 0.05859375
16 0.43359375 0.25234375 0.10937500 0.09765625
16 0.54453125 0.34687500 0.12109375 0.15000000
16 0.55546875 0.62421875 0.15703125 0.19687500
37 0.34375000 0.64296875 0.22656250 0.28281250
45 0.85078125 0.42265625 0.16406250 0.18046875
45 0.78906250 0.59765625 0.17187500 0.19531250
34 0.42031250 0.18046875 0.02968750 0.04531250
34 0.10625000 0.45390625 0.05156250 0.07812500
34 0.43203125 0.38437500 0.03828125 0.07500000
50 0.30312500 0.25859375 0.13828125 0.06875000
50 0.67187500 0.42031250 0.10781250 0.15000000
50 0.48984375 0.48593750 0.15312500 0.08281250
20 0.23750000 0.44531250 0.16562500 0.16093750
20 0.70000000 0.71484375 0.11171875 0.22500000