50 0.67734375 0.30937500 0.13359375 0.12656250
50 0.54140625 0.48437500 0.17031250 0.06328125
49 0.06640625 0.49687500 0.06953125 0.08984375
34 0.15000000 0.32890625 0.04296875 0.07187500
34 0.32734375 0.20000000 0.04140625 0.06875000
34 0.44062500 0.40546875 0.04531250 0.07187500
34 0.12343750 0.69765625 0.05156250 0.09921875
37 0.48125000 0.73515625 0.26250000 0.36640625
50 0.24687500 0.34218750 0.13593750 0.12656250
16 0.53984375 0.31171875 0.13359375 0.14843750
16 0.39218750 0.28203125 0.14921875 0.11250000
16 0.67109375 0.59375000 0.15078125 0.20468750
45 0.83593750 0.21796875 0.12734375 0.24062500
33 0.85312500 0.42968750 0.22578125 0.20859375
20 0.27343750 0.58828125 0.15937500 0.23906250
20 0.83359375 0.58593750 0.18125000 0.22109375