30 0.25390625 0.60625000 0.50234375 0.37187500
28 0.37265625 0.27421875 0.09218750 0.22890625
44 0.59140625 0.53671875 0.22656250 0.20546875
43 0.51406250 0.85468750 0.10468750 0.17890625
27 0.40234375 0.89687500 0.07578125 0.17812500
12 0.25390625 0.90625000 0.12031250 0.15703125
33 0.63359375 0.79375000 0.06875000 0.09218750
49 0.70234375 0.88593750 0.16484375 0.10078125
0 0.45937500 0.16640625 0.07500000 0.26718750
4 0.61718750 0.26796875 0.18437500 0.14296875
38 0.62109375 0.08203125 0.11328125 0.10390625
6 0.82109375 0.35625000 0.08203125 0.15859375
46 0.67890625 0.42500000 0.07656250 0.11953125
51 0.80234375 0.52343750 0.08437500 0.12656250
11 0.89687500 0.62656250 0.09140625 0.19062500
35 0.74062500 0.64609375 0.08437500 0.16640625