50 0.59140625 0.21718750 0.12656250 0.06640625
50 0.59296875 0.36406250 0.14218750 0.09921875
16 0.54375000 0.79843750 0.14062500 0.24921875
20 0.30546875 0.36406250 0.14687500 0.08593750
20 0.76328125 0.32812500 0.14453125 0.19062500
20 0.51093750 0.48359375 0.15703125 0.20156250
34 0.18281250 0.55000000 0.06406250 0.09453125
34 0.46718750 0.25859375 0.05546875 0.05234375
34 0.65390625 0.53203125 0.04296875 0.07187500
45 0.34843750 0.57421875 0.16796875 0.27656250
16 0.72421875 0.68125000 0.17187500 0.21953125