24 0.34296875 0.53125000 0.03906250 0.05703125
34 0.48437500 0.85000000 0.04765625 0.06171875
37 0.72421875 0.27187500 0.16953125 0.21875000
34 0.64375000 0.74375000 0.02968750 0.06953125
34 0.73906250 0.60468750 0.02500000 0.06640625
34 0.50000000 0.28125000 0.04375000 0.04453125
50 0.45156250 0.60312500 0.10625000 0.08437500
50 0.60625000 0.47812500 0.02734375 0.14531250
50 0.53515625 0.11250000 0.09218750 0.09531250
45 0.45625000 0.41250000 0.13828125 0.11328125
16 0.30781250 0.81171875 0.10312500 0.13437500