16 0.33281250 0.70078125 0.14375000 0.18515625
16 0.48281250 0.78593750 0.11718750 0.15234375
45 0.33906250 0.47421875 0.11015625 0.21562500
20 0.48984375 0.52343750 0.10390625 0.18906250
20 0.72734375 0.64062500 0.14375000 0.12187500
34 0.53750000 0.66484375 0.04453125 0.06328125
34 0.28906250 0.30625000 0.03437500 0.06250000
50 0.44218750 0.26328125 0.05859375 0.14531250
34 0.61250000 0.31484375 0.03671875 0.06406250
34 0.78671875 0.30468750 0.04296875 0.06875000
34 0.84609375 0.27890625 0.04921875 0.04531250
50 0.72343750 0.39843750 0.06328125 0.16015625
50 0.61328125 0.49687500 0.11562500 0.12578125