10 0.56328125 0.64375000 0.05390625 0.04062500
10 0.58359375 0.52265625 0.06875000 0.04218750
26 0.67656250 0.41328125 0.05937500 0.06328125
26 0.77968750 0.71562500 0.08437500 0.04609375
31 0.18828125 0.63671875 0.34062500 0.22734375
37 0.85390625 0.50000000 0.22812500 0.13750000
51 0.28203125 0.27500000 0.13437500 0.10390625
50 0.66015625 0.23671875 0.14062500 0.12734375
40 0.49296875 0.21484375 0.05390625 0.05625000
40 0.44531250 0.67734375 0.05078125 0.04375000
29 0.36562500 0.50781250 0.11640625 0.03046875
29 0.52031250 0.39453125 0.04218750 0.03671875