28 0.13515625 0.35468750 0.10156250 0.16484375
0 0.57109375 0.86562500 0.09296875 0.20625000
46 0.83046875 0.68046875 0.03984375 0.04140625
38 0.87734375 0.43281250 0.03437500 0.10703125
6 0.73437500 0.24140625 0.03984375 0.07421875
33 0.75000000 0.37265625 0.03750000 0.07421875
35 0.50625000 0.26328125 0.03750000 0.11953125
27 0.64140625 0.38671875 0.08828125 0.06953125
44 0.26250000 0.72578125 0.15937500 0.22031250
30 0.32890625 0.46406250 0.26718750 0.36875000
49 0.36484375 0.12343750 0.14062500 0.04765625
43 0.55312500 0.49765625 0.08671875 0.10546875
12 0.60546875 0.26562500 0.09375000 0.14843750
11 0.78125000 0.54687500 0.09218750 0.07812500
51 0.59687500 0.65156250 0.03671875 0.06484375
4 0.68828125 0.71875000 0.07968750 0.18906250