37 0.20312500 0.28515625 0.19453125 0.24375000
34 0.34375000 0.12109375 0.04531250 0.04687500
50 0.68906250 0.55781250 0.12734375 0.12500000
16 0.29765625 0.50078125 0.15937500 0.16796875
45 0.76250000 0.78984375 0.14921875 0.28828125
34 0.68593750 0.23984375 0.04140625 0.05390625
34 0.58593750 0.26093750 0.03203125 0.07031250
34 0.73281250 0.33437500 0.05390625 0.04375000
34 0.39843750 0.46015625 0.05156250 0.05078125
20 0.50859375 0.78203125 0.15468750 0.19062500
20 0.40078125 0.29921875 0.12265625 0.15312500
50 0.51875000 0.39218750 0.09218750 0.14687500
50 0.64765625 0.36718750 0.02812500 0.15468750