31 0.52968750 0.86562500 0.36796875 0.26562500
51 0.15546875 0.46875000 0.12031250 0.14296875
40 0.52968750 0.54531250 0.06328125 0.04375000
40 0.61875000 0.61406250 0.05781250 0.05625000
50 0.36718750 0.15156250 0.12109375 0.16953125
37 0.58359375 0.17734375 0.18281250 0.24062500
26 0.43750000 0.28359375 0.05078125 0.07031250
26 0.75937500 0.34921875 0.04140625 0.08046875
10 0.52968750 0.39609375 0.04140625 0.07500000
10 0.62187500 0.46875000 0.04453125 0.08125000
29 0.37656250 0.39062500 0.08750000 0.06250000
29 0.45625000 0.56328125 0.06953125 0.13046875