51 0.37187500 0.15703125 0.15312500 0.11562500
31 0.11953125 0.55156250 0.23906250 0.50781250
50 0.77343750 0.16875000 0.20625000 0.12187500
28 0.90625000 0.31015625 0.18437500 0.31093750
25 0.37890625 0.35468750 0.12890625 0.13671875
29 0.53906250 0.26718750 0.07343750 0.12031250
10 0.61171875 0.35156250 0.09296875 0.08437500
10 0.59765625 0.48281250 0.08125000 0.12500000
40 0.46250000 0.44218750 0.05000000 0.08984375
40 0.42578125 0.56406250 0.07500000 0.10234375
26 0.93593750 0.65156250 0.12500000 0.15781250
26 0.68984375 0.26953125 0.07109375 0.08984375