37 0.23359375 0.67890625 0.23359375 0.32265625
16 0.77656250 0.61718750 0.15859375 0.19921875
34 0.20781250 0.29218750 0.03828125 0.05000000
16 0.82968750 0.56406250 0.11484375 0.15781250
20 0.59687500 0.51171875 0.10312500 0.19296875
50 0.52734375 0.78906250 0.05546875 0.20078125
34 0.41250000 0.60703125 0.05234375 0.06484375
34 0.67187500 0.31484375 0.03828125 0.05000000
34 0.72656250 0.29921875 0.04687500 0.03671875
45 0.41640625 0.26562500 0.08984375 0.17734375
45 0.22890625 0.41015625 0.13125000 0.21406250