40 0.44843750 0.73359375 0.04453125 0.04765625
40 0.50234375 0.27187500 0.05625000 0.05312500
10 0.59062500 0.58203125 0.07187500 0.04375000
10 0.56953125 0.69921875 0.05546875 0.04296875
50 0.67031250 0.30468750 0.14765625 0.11406250
37 0.85546875 0.56015625 0.23125000 0.13906250
31 0.19531250 0.69375000 0.33828125 0.23125000
51 0.29375000 0.32968750 0.13125000 0.10156250
26 0.77890625 0.77265625 0.08515625 0.05000000
26 0.68203125 0.47265625 0.06171875 0.06171875
29 0.37265625 0.56562500 0.11796875 0.03046875
29 0.52890625 0.45468750 0.04531250 0.03359375