43 0.09218750 0.45937500 0.18359375 0.26406250
49 0.25000000 0.37578125 0.16171875 0.07812500
28 0.51406250 0.75468750 0.31640625 0.24921875
35 0.34062500 0.30312500 0.14609375 0.15000000
30 0.56562500 0.32265625 0.39765625 0.37343750
4 0.85703125 0.30000000 0.23828125 0.23828125
27 0.79296875 0.62890625 0.21562500 0.45000000
33 0.46015625 0.58593750 0.11640625 0.08750000
38 0.26328125 0.47343750 0.18750000 0.10000000
6 0.21093750 0.59843750 0.11718750 0.15781250
12 0.26640625 0.81875000 0.14062500 0.35781250