40 0.07734375 0.35703125 0.06875000 0.11875000
26 0.26640625 0.58281250 0.12343750 0.11406250
37 0.54453125 0.08671875 0.18046875 0.16796875
26 0.51640625 0.39765625 0.10390625 0.10937500
10 0.73125000 0.11796875 0.06406250 0.07968750
10 0.63046875 0.22578125 0.07734375 0.07656250
33 0.61250000 0.26250000 0.06015625 0.13828125
29 0.76015625 0.32578125 0.12500000 0.12031250
51 0.47265625 0.22187500 0.15703125 0.14453125
50 0.87968750 0.15234375 0.20312500 0.14140625
31 0.74843750 0.51093750 0.43359375 0.29609375