45 0.39765625 0.14609375 0.19218750 0.19218750
45 0.75156250 0.23515625 0.19843750 0.19375000
50 0.26171875 0.51171875 0.10937500 0.21328125
16 0.58437500 0.58203125 0.23828125 0.23359375
16 0.37343750 0.32343750 0.16171875 0.17421875
34 0.50156250 0.39453125 0.06953125 0.07343750
34 0.24609375 0.32343750 0.07812500 0.07343750
34 0.14921875 0.58437500 0.08671875 0.07812500
34 0.17656250 0.82578125 0.08125000 0.14453125
50 0.60546875 0.15703125 0.12734375 0.09921875
50 0.63437500 0.37109375 0.11171875 0.13984375