45 0.68593750 0.20234375 0.11640625 0.13515625
45 0.54453125 0.14218750 0.11718750 0.15156250
16 0.45937500 0.71093750 0.13984375 0.15234375
34 0.61250000 0.12265625 0.02031250 0.03828125
34 0.41250000 0.30312500 0.03828125 0.04453125
34 0.68359375 0.55234375 0.04843750 0.04609375
34 0.71406250 0.62265625 0.03046875 0.06562500
37 0.56406250 0.32890625 0.17187500 0.18828125
6 0.54609375 0.47734375 0.14531250 0.14921875
50 0.29843750 0.39921875 0.11796875 0.06015625
16 0.32734375 0.55468750 0.14218750 0.17031250