26 0.24296875 0.31718750 0.06718750 0.09765625
26 0.45234375 0.25703125 0.04921875 0.08125000
51 0.56640625 0.28515625 0.12031250 0.14687500
37 0.71171875 0.21328125 0.18593750 0.17265625
29 0.38046875 0.32890625 0.06250000 0.11093750
29 0.51093750 0.54531250 0.08828125 0.10078125
10 0.58203125 0.43437500 0.06640625 0.10078125
10 0.81953125 0.49921875 0.06953125 0.10546875
50 0.72421875 0.57421875 0.14218750 0.25390625
40 0.67265625 0.36328125 0.06093750 0.06484375
40 0.36562500 0.80546875 0.06250000 0.11406250
31 0.35468750 0.48906250 0.28828125 0.29140625