45 0.32109375 0.27500000 0.14218750 0.12421875
45 0.45703125 0.16718750 0.08593750 0.16796875
37 0.49140625 0.38593750 0.14218750 0.17343750
34 0.33984375 0.17890625 0.03984375 0.04140625
34 0.36484375 0.53671875 0.05000000 0.04140625
34 0.71875000 0.43046875 0.04921875 0.04375000
34 0.78359375 0.44609375 0.04687500 0.05390625
20 0.59765625 0.52421875 0.12656250 0.15234375
16 0.53515625 0.80859375 0.14218750 0.19296875
16 0.72812500 0.76875000 0.12968750 0.19218750
50 0.36953125 0.74609375 0.11093750 0.17187500