45 0.30000000 0.36718750 0.16328125 0.19375000
16 0.18906250 0.58828125 0.16796875 0.16093750
50 0.70312500 0.52109375 0.05625000 0.18593750
20 0.62734375 0.77031250 0.17656250 0.19687500
20 0.41875000 0.50390625 0.14921875 0.17109375
16 0.29375000 0.76406250 0.18750000 0.20312500
34 0.87343750 0.47421875 0.06875000 0.06328125
34 0.80781250 0.46718750 0.05625000 0.05859375
43 0.61796875 0.38906250 0.04140625 0.06484375
34 0.32265625 0.23281250 0.04765625 0.04218750
34 0.41484375 0.66718750 0.06718750 0.05859375
50 0.47265625 0.27812500 0.06093750 0.16250000
50 0.55468750 0.55234375 0.12109375 0.17109375