34 0.36484375 0.19453125 0.04140625 0.06640625
41 0.20859375 0.30859375 0.03203125 0.07343750
16 0.58984375 0.62578125 0.12031250 0.14453125
20 0.30390625 0.57187500 0.11796875 0.17421875
20 0.71718750 0.65312500 0.11484375 0.19375000
26 0.81328125 0.31406250 0.16796875 0.22109375
45 0.77968750 0.52187500 0.16640625 0.19375000
37 0.43437500 0.71250000 0.20468750 0.30312500
34 0.14687500 0.45000000 0.04375000 0.07031250
34 0.18906250 0.62812500 0.03281250 0.08125000
34 0.43906250 0.42734375 0.02734375 0.06640625
50 0.28828125 0.33515625 0.11484375 0.12031250
50 0.65781250 0.37109375 0.10937500 0.12656250
50 0.50703125 0.51484375 0.13515625 0.06015625
16 0.40703125 0.28906250 0.12734375 0.13828125
16 0.53359375 0.36640625 0.11406250 0.15312500