30 0.34687500 0.47968750 0.27968750 0.27812500
12 0.20234375 0.74531250 0.13515625 0.13984375
49 0.71328125 0.71093750 0.16640625 0.08046875
33 0.63437500 0.62265625 0.06171875 0.06328125
46 0.66171875 0.30078125 0.03046875 0.05546875
6 0.79296875 0.24921875 0.02812500 0.06875000
51 0.78515625 0.37734375 0.05703125 0.07500000
11 0.89062500 0.45156250 0.06406250 0.13046875
27 0.37109375 0.74687500 0.05625000 0.16562500
35 0.72968750 0.47656250 0.05234375 0.12656250
44 0.57968750 0.39140625 0.20859375 0.13984375
4 0.60000000 0.17656250 0.13984375 0.09687500
38 0.60312500 0.07890625 0.06875000 0.03906250
0 0.45625000 0.11718750 0.05390625 0.16484375
28 0.37890625 0.18906250 0.06093750 0.13437500
43 0.49296875 0.69531250 0.08906250 0.16406250