37 0.66718750 0.25468750 0.19921875 0.25703125
50 0.82500000 0.63437500 0.22187500 0.25937500
10 0.76171875 0.45703125 0.05234375 0.06640625
51 0.49062500 0.34140625 0.11015625 0.13593750
31 0.37656250 0.73750000 0.31875000 0.33203125
40 0.12109375 0.29765625 0.03515625 0.04843750
40 0.24843750 0.20468750 0.04218750 0.06093750
26 0.17343750 0.43437500 0.05781250 0.06093750
26 0.36953125 0.48906250 0.03593750 0.08046875
50 0.53046875 0.63828125 0.09296875 0.06875000
29 0.49375000 0.46406250 0.05000000 0.09453125
10 0.56328125 0.45156250 0.05078125 0.07343750