45 0.30625000 0.20859375 0.13984375 0.19843750
45 0.22578125 0.41484375 0.15781250 0.17578125
50 0.49765625 0.80859375 0.04453125 0.17109375
34 0.18359375 0.28906250 0.05000000 0.03750000
34 0.65078125 0.32421875 0.03828125 0.05078125
34 0.70859375 0.30312500 0.04921875 0.04140625
34 0.40000000 0.64140625 0.04453125 0.05781250
37 0.45234375 0.43750000 0.18906250 0.25234375
20 0.59296875 0.48906250 0.09765625 0.16484375
16 0.77187500 0.61796875 0.10703125 0.15156250
16 0.65000000 0.76406250 0.11796875 0.15781250