31 0.60156250 0.54375000 0.28671875 0.37734375
50 0.40546875 0.13125000 0.07109375 0.25859375
10 0.51250000 0.05546875 0.06953125 0.06875000
26 0.53515625 0.02343750 0.06484375 0.04687500
12 0.36250000 0.40703125 0.23906250 0.23750000
29 0.43125000 0.57656250 0.04140625 0.11093750
29 0.76171875 0.24765625 0.06250000 0.07812500
26 0.47343750 0.90000000 0.06953125 0.14296875
10 0.47031250 0.71718750 0.05859375 0.09296875
40 0.68203125 0.37812500 0.03515625 0.07265625
51 0.56640625 0.13750000 0.10078125 0.10937500
40 0.31093750 0.17656250 0.06250000 0.06328125