12 0.17578125 0.24531250 0.16250000 0.14687500
30 0.42656250 0.35937500 0.32421875 0.29687500
35 0.37031250 0.71250000 0.15156250 0.08671875
33 0.24296875 0.60937500 0.08750000 0.09140625
49 0.15078125 0.66562500 0.09296875 0.10000000
43 0.19140625 0.47968750 0.16093750 0.11562500
27 0.16562500 0.37109375 0.19453125 0.10000000
11 0.36640625 0.86015625 0.16562500 0.14218750
51 0.68359375 0.23906250 0.14218750 0.10546875
28 0.75078125 0.39218750 0.23203125 0.11640625
0 0.84140625 0.48359375 0.26953125 0.09843750
38 0.90312500 0.65625000 0.10546875 0.13593750
49 0.73828125 0.63046875 0.16171875 0.18281250
44 0.48437500 0.57890625 0.23593750 0.21562500
46 0.57890625 0.67734375 0.11953125 0.06718750
6 0.63359375 0.80937500 0.13437500 0.07890625