26 0.47656250 0.42734375 0.04921875 0.07968750
34 0.15390625 0.27812500 0.06328125 0.04765625
45 0.70234375 0.21171875 0.21328125 0.18593750
34 0.29375000 0.18515625 0.04062500 0.05937500
34 0.50000000 0.16328125 0.04453125 0.05937500
16 0.33203125 0.55625000 0.18828125 0.25546875
16 0.50234375 0.26093750 0.12031250 0.13515625
50 0.35703125 0.24765625 0.14609375 0.07187500
50 0.53203125 0.58203125 0.16406250 0.12890625
50 0.79921875 0.50546875 0.14921875 0.19687500
45 0.70156250 0.70390625 0.16796875 0.33359375