50 0.83671875 0.63515625 0.16718750 0.19843750
40 0.15000000 0.31015625 0.04218750 0.05234375
51 0.54765625 0.35390625 0.09687500 0.13046875
37 0.70468750 0.25312500 0.18515625 0.25078125
40 0.25781250 0.17265625 0.03671875 0.06953125
26 0.25546875 0.47734375 0.06015625 0.06328125
26 0.45078125 0.52031250 0.03828125 0.08125000
29 0.56718750 0.51250000 0.03125000 0.04531250
29 0.60937500 0.65468750 0.07656250 0.05000000
10 0.62187500 0.47656250 0.03906250 0.06953125
10 0.79218750 0.47031250 0.04609375 0.06406250
31 0.49453125 0.74296875 0.26015625 0.27578125