34 0.11718750 0.14062500 0.07500000 0.04687500
34 0.06171875 0.29140625 0.06718750 0.07812500
45 0.91015625 0.35000000 0.15937500 0.26015625
45 0.82421875 0.57421875 0.23671875 0.32109375
37 0.25937500 0.48984375 0.30000000 0.32890625
16 0.57187500 0.24218750 0.17109375 0.20546875
16 0.52734375 0.54453125 0.19765625 0.22890625
16 0.45078125 0.15078125 0.11796875 0.08593750
34 0.26015625 0.08515625 0.03671875 0.05078125
34 0.42578125 0.27578125 0.05546875 0.07968750
34 0.44609375 0.08437500 0.04375000 0.03906250
50 0.31640625 0.13359375 0.15234375 0.03593750
50 0.47265625 0.37968750 0.15312500 0.10546875
50 0.70625000 0.33906250 0.12968750 0.15781250
38 0.20234375 0.27187500 0.19375000 0.15000000
20 0.69687500 0.67734375 0.15078125 0.26406250