29 0.11484375 0.51562500 0.16406250 0.13359375
29 0.36484375 0.10390625 0.04296875 0.12343750
26 0.66171875 0.74218750 0.15468750 0.16250000
26 0.28828125 0.07734375 0.04296875 0.05703125
10 0.59218750 0.57343750 0.11015625 0.12187500
10 0.31562500 0.10000000 0.04765625 0.06640625
31 0.26875000 0.19921875 0.25000000 0.17109375
37 0.45625000 0.13828125 0.12968750 0.25078125
50 0.57500000 0.23281250 0.11171875 0.32578125
26 0.66875000 0.29765625 0.05781250 0.09453125
40 0.21171875 0.33750000 0.06406250 0.07656250
51 0.43359375 0.46875000 0.18984375 0.19843750