50 0.19062500 0.30390625 0.18984375 0.22968750
26 0.38359375 0.34765625 0.08593750 0.07031250
31 0.88203125 0.61171875 0.23125000 0.42343750
37 0.40234375 0.15156250 0.20000000 0.22109375
26 0.62109375 0.15312500 0.07265625 0.07500000
29 0.43906250 0.47265625 0.11406250 0.11875000
29 0.65156250 0.50468750 0.11875000 0.07500000
10 0.54531250 0.33906250 0.07109375 0.07031250
10 0.65937500 0.30859375 0.05859375 0.09609375
40 0.75000000 0.40000000 0.07109375 0.06484375
40 0.66171875 0.42421875 0.07343750 0.07656250
51 0.35468750 0.76875000 0.17734375 0.26562500